300
46 554 441 1 698 663 325 988 807 490 178 395 545 824 244 993 671 15 584 644 519 555 892 111 149 581 256 436 811 842 45 268 840 280 377 745 787 520 237 403 727 309 436 838 362 948 1000 610 307 251 860 444 34 247 375 635 356 189 530 882 442 910 991 353 772 557 162 46 479 359 277 213 749 419 694 898 510 809 88 496 339 921 85 270 222 900 777 335 726 310 445 112 591 26 392 975 260 897 174 207 297 555 469 19 115 67 95 165 953 749 206 32 888 572 43 225 572 339 261 752 349 907 664 918 299 579 693 584 496 12 143 516 982 23 794 384 932 520 192 808 154 148 263 928 471 688 114 652 622 777 899 715 806 320 816 911 553 980 380 559 514 993 180 107 444 114 306 950 47 981 509 806 159 944 838 63 100 506 755 963 443 293 784 709 137 104 344 947 686 952 161 194 743 163 941 394 789 939 813 28 169 441 202 937 550 81 345 754 109 435 444 429 695 753 845 340 505 826 247 645 169 862 200 767 564 776 392 968 972 771 755 860 924 388 970 757 565 474 616 521 728 807 50 702 903 550 430 200 482 526 733 212 14 945 30 852 366 367 231 96 419 492 416 43 536 608 427 638 910 649 262 295 202 187 540 406 966 336 992 142 214 732 741 217 755 571 354 730 737 857 744 511 967 71 454 689 853 999 336 875 
400
13 220
165 285
91 147
182 216
253 288
209 262
18 121
220 275
252 288
215 285
121 216
99 173
133 251
29 173
176 235
17 36
268 284
13 249
51 69
22 64
22 98
80 172
257 272
160 164
171 249
146 263
282 291
281 295
296 297
287 297
13 54
246 259
21 158
147 190
108 271
289 289
245 255
254 269
104 181
26 139
122 155
209 263
91 188
141 181
41 224
44 284
226 246
293 296
52 259
232 265
247 272
43 153
108 170
49 106
216 296
32 285
232 255
220 258
220 243
151 180
177 193
189 278
122 299
204 220
168 237
41 43
2 235
11 220
160 166
232 293
55 188
36 193
103 235
105 291
53 242
289 294
285 299
105 107
259 270
240 295
282 286
287 290
23 41
285 296
225 284
84 158
163 245
245 294
126 197
30 65
106 182
127 253
48 244
132 213
199 262
69 239
8 250
187 279
251 288
63 154
69 122
187 261
61 268
138 246
279 298
189 270
122 232
102 296
115 254
272 287
87 251
27 129
0 214
188 201
35 90
16 113
175 299
66 251
222 259
0 25
39 264
25 116
198 239
18 33
271 291
289 293
298 298
90 127
281 297
290 290
288 298
260 284
48 280
186 283
5 282
231 274
277 292
245 280
99 158
156 294
178 294
262 291
221 233
207 277
30 76
61 177
201 290
9 216
292 295
22 132
52 116
82 140
186 207
267 277
140 140
230 249
260 289
7 74
38 294
83 285
16 214
133 178
202 235
182 200
124 230
77 225
114 170
65 261
192 243
135 285
92 262
198 216
134 169
49 298
139 182
82 279
151 166
41 192
276 290
184 210
264 278
191 233
266 291
264 267
244 288
264 273
96 110
226 288
22 253
190 296
50 183
8 260
232 249
113 145
269 297
167 295
95 282
290 298
282 296
9 268
61 220
152 246
246 250
258 268
233 235
111 181
32 292
278 299
204 237
31 65
211 281
157 164
144 232
79 159
40 245
60 216
109 177
179 197
64 146
113 202
2 128
81 218
27 94
296 297
162 244
24 162
184 192
129 256
167 207
103 183
145 190
50 236
251 289
30 260
254 294
159 198
7 261
292 292
202 258
58 284
196 281
2 19
65 293
228 244
262 284
125 190
270 276
263 296
282 290
148 260
289 291
130 258
67 215
291 295
80 96
117 196
53 289
203 204
20 297
63 177
172 202
95 107
160 226
226 265
251 267
166 192
182 192
51 281
193 223
8 9
280 297
299 299
55 232
35 135
26 37
247 276
128 170
161 211
234 293
88 270
257 275
63 117
19 135
199 222
125 207
202 215
247 284
103 257
100 165
17 55
228 281
238 259
164 191
298 298
293 299
267 282
15 159
242 249
131 244
8 179
275 299
213 251
230 274
15 189
132 181
242 286
279 281
36 180
227 288
270 279
73 292
293 297
10 241
143 267
221 259
169 273
84 174
91 127
280 285
162 212
115 269
210 219
41 112
30 126
110 172
5 164
183 249
104 157
167 200
176 292
104 201
120 248
77 292
167 274
156 289
288 296
140 255
151 254
272 281
195 212
284 294
175 243
201 216
151 244
146 221
43 85
180 256
80 180
181 267
216 287
181 246
179 238
77 127
198 296
184 225
102 139
276 295
260 266
263 274
241 282
229 297
133 211
22 236
23 244
37 99
79 139
250 261
13 53
61 175
182 272
63 224
281 282
180 269
135 220
290 299
114 212
119 273
31 254
278 296
184 257
34 98
87 240
5 116
183 216
24 39
124 191
112 193
44 48
107 107
122 287
103 266
280 296
92 201
191 225
134 282
93 99
165 207
25 210
220 252
176 258